10000056
9000056
80000699
9100060
100000
250000
798006
2998067
25000
24000
32444999
40000
20003056
159900
23830
34356
12340
42356
34324
25657
423578
3423456
2345674
245367       
3246705
234560
234540
3409584
42355
42358
9877554
48306
23994
32885
23488
24086       
288490
23450
23556056
23560
54678
3567546
345678
3455456
6346
2356
356
23467      
24556
45455045
23456
4325
6546
42356
43565
245213
1455367
3426799
24356745
23459     
255460856
24543
23544556
245345
42356
43256
6789999
566589
32568907
23456365
5266889
2453567       
26547999
245526
54641546
2345456
24566
536679
456788
235647
32678598
436635
24654
677979        
25657467
25654366
432435
234780
2345790
2509708
342546
45625
3566
63678
565879
5467        
23665746
35245556
34567
4325578
4325655
467659
46375789
4577898
543647
354568
754588
547658  
5674345
35625677
6842356
3454556
4235668
432578
365478
456758
54667
5463546
245623
3245667	
34564566
23567546
43546765
43564567
254236
52654
236256
523657
432547
2345546
2345567
4235
215445
32665899
43566487
536547
5236352
4756
45437
5278438
45637
356467
2345674
52364	
34747657
2434567
5265467
53667
5645
76478
3658799
5476473
4364634
425423
565546
7437579	
4237587
356467
8766799
6437
5478999
45734
347367
34743
45774
4221
22245
11139
25356056
34565438
3266436
563657
53687
23411
111188
234578
243553
3580
23456
45677	
56786678
4278789
456899
9999667
342539
362078
326873
93872
234509
43790
25378
23478	
69795478
6895759
335647
437785
24367
2356467
5685489
4364343
4356467
54436
4365754
4367	
37767259
54978056
236578
523678
3528
868956
4548967
4385745
566889
55894
45567
5657	
65778678
54585588
3477636
3477346
346889
4345326
7595945
998757
43578
45677
44376
6598	
43635547
4578547
43677547
258907
234567
423556
565785
5678998
537889
356487
358787
345	
-1
